"URL","Title","Description","Content","PublishTime","Author"
"https://dantri.com.vn/doi-song/cong-ty-bao-tri-so-1-dia-chi-sua-chua-thiet-bi-gia-dinh-20250113194543328.htm","Công ty Bảo Trì số 1 - địa chỉ sửa chữa thiết bị gia đình","(Dân trí) - Công ty Bảo trì số 1 là đơn vị chuyên cung cấp, bảo trì và sửa chữa các máy móc, thiết bị như: điện lạnh - điện tử - điện gia dụng - điện nước nhanh chóng, tận nơi.","Nhằm đáp ứng nhu cầu sửa chữa ngày càng cao của khách hàng, Công ty Bảo trì số 1 đã không ngừng phát triển và đa dạng hóa các loại hình dịch vụ sửa chữa. Trung tâm chuyên sâu về dịch vụ bảo trì, sửa chữa máy móc, thiết bị điện lạnh, điện tử, điện nước, xử lý nước sạch trong hộ gia đình cho đến hệ thống các cửa hàng, quán xá, xí nghiệp, công xưởng. Ngoài ra, đơn vị còn hợp tác bảo hành cho nhiều hãng máy móc, thiết bị nổi tiếng khác.. Bảo trì số 1 chuyên cung cấp, bảo trì và sửa chữa các máy móc, thiết bị gia đình. ""Được hình thành và phát triển từ trung tâm điện tử, điện lạnh Hà Đông, 'Phụng sự để dẫn đầu' được coi là kim chỉ nam hành động từ ngày thành lập cho đến nay. Chúng tôi có chính sách 1 đổi 1 và cam kết hoàn tiền gấp đôi nếu bạn phát hiện được hàng giả, hàng nhái, hàng kém chất lượng"", bà Bùi Thị Châm, Giám đốc Công ty Bảo trì số 1, khẳng định. Đội ngũ ban lãnh đạo cùng nhân viên công ty Bảo trì số 1. Dịch vụ nổi bật của Bảo trì số 1 là sửa máy giặt tại nhà. Trung tâm sửa chữa điện lạnh - điện tử của doanh nghiệp này hiện nỗ lực để mang lại dịch vụ nhanh chóng và thực hiện sửa chữa tận nơi cho khách hàng với mức chi phí hợp lý và sẽ đưa ra bảng giá sửa máy giặt niêm yết cho khách hàng tham khảo. Nhân viên Bảo trì số 1 đang sửa máy giặt tại nhà cho khách hàng. Một trong những thế mạnh tiếp theo của trung tâm chính là đội ngũ thợ sửa bếp từ tại nhà đông đảo, chuyên nghiệp, được đào tạo bài bản, có trên 10 năm kinh nghiệm và kiến thức chuyên môn vững vàng. ""Thợ Bảo trì số 1 sẵn sàng có mặt tại nhà để phục vụ khách hàng sau 30 phút đặt lịch, nếu trễ giờ sẽ hoàn tiền 10%"", bà Châm chia sẻ khẳng định. Nhân viên Bảo trì số 1 đang thực hiện sửa chữa bếp từ tại nhà cho khách hàng. Riêng đối với dịch vụ sửa tủ lạnh tại nhà, Công ty Bảo trì số 1 chú trọng công tác bảo hành sau sửa chữa, đáp ứng mong muốn bảo hành cho khách hàng với hệ thống bảo hành điện tử và tổng đài 0988 230 233. Nhân viên Bảo trì số 1 đang sửa chữa tủ lạnh tại nhà cho khách hàng. Ngoài các chính sách hoàn tiền hấp dẫn, chế độ bảo hành, doanh nghiệp này còn mang đến cho khách hàng những ưu đãi khác như: giảm 10% phí dịch vụ sửa chữa cho khách hàng khi quay lại lần 2; giảm từ 10 - 20% khi khách hàng giới thiệu dịch vụ của Bảo trì số 1 đến với người thân và bạn bè. ""Bảo trì số 1 luôn đổi mới, sáng tạo và rèn luyện mỗi ngày để đảm bảo phục vụ khách hàng hài lòng. Bảo trì số 1 không ngừng nỗ lực để cải thiện dịch vụ sửa máy giặt, sửa bếp từ và sửa tủ lạnh tại nhà nói riêng và trong lĩnh vực sửa chữa điện tử - điện lạnh - điện nước nói chung. Chính sự tử tế và tận tâm hết lòng phục vụ khách hàng trung tâm Bảo trì số 1 đã không ngừng phát triển và mang đến những trải nghiệm tuyệt vời nhất cho mọi gia đình"", đại diện doanh nghiệp cho hay. Thông tin liên hệ: Công ty cổ phần Bảo trì số 1 Địa chỉ: số 8, tổ 6, Phú Lương, Hà Đông, Hà Nội Hotline: 0988 230 233 Website: https://baotriso1.vn/ Email: admin@baotriso1.vn","Mon Jan 13 20:34:43 ICT 2025","Trường Thịnh"
